nthreads,thread,rep,work,msg_size,post_time,wait_time,comp_time,comm_time
15,0,5000,100,4,0.029170,0.026930,0.271642,0.327742
15,1,5000,100,4,0.029582,0.026996,0.272142,0.328720
15,2,5000,100,4,0.029746,0.026598,0.272236,0.328580
15,3,5000,100,4,0.029052,0.027281,0.272078,0.328411
15,4,5000,100,4,0.028499,0.027586,0.271977,0.328062
15,5,5000,100,4,0.028674,0.026888,0.272066,0.327628
15,6,5000,100,4,0.028684,0.026822,0.272525,0.328031
15,7,5000,100,4,0.028085,0.027562,0.271356,0.327003
15,8,5000,100,4,0.029114,0.028389,0.271070,0.328573
15,9,5000,100,4,0.028991,0.028444,0.271279,0.328714
15,10,5000,100,4,0.029190,0.028539,0.271385,0.329114
15,11,5000,100,4,0.029575,0.027926,0.271309,0.328810
15,12,5000,100,4,0.029193,0.027531,0.271812,0.328537
15,13,5000,100,4,0.029411,0.027176,0.271680,0.328267
15,14,5000,100,4,0.029012,0.027521,0.271454,0.327987
15,0,5000,100,400,0.043083,0.009066,0.271663,0.323812
15,1,5000,100,400,0.043209,0.008409,0.273018,0.324636
15,2,5000,100,400,0.043156,0.009687,0.272702,0.325545
15,3,5000,100,400,0.043507,0.009081,0.272933,0.325521
15,4,5000,100,400,0.042903,0.008786,0.272652,0.324341
15,5,5000,100,400,0.043343,0.008534,0.272325,0.324203
15,6,5000,100,400,0.043282,0.009352,0.272840,0.325474
15,7,5000,100,400,0.043192,0.009417,0.272714,0.325324
15,8,5000,100,400,0.043695,0.009222,0.272151,0.325067
15,9,5000,100,400,0.043944,0.008891,0.271817,0.324652
15,10,5000,100,400,0.043814,0.009302,0.272642,0.325758
15,11,5000,100,400,0.044117,0.009426,0.272123,0.325666
15,12,5000,100,400,0.043972,0.008819,0.272385,0.325176
15,13,5000,100,400,0.044115,0.009202,0.272778,0.326095
15,14,5000,100,400,0.043568,0.010065,0.272758,0.326390
15,0,5000,100,4000,0.039008,0.063059,0.272260,0.374326
15,1,5000,100,4000,0.041781,0.061588,0.273235,0.376603
15,2,5000,100,4000,0.039177,0.064133,0.272752,0.376063
15,3,5000,100,4000,0.037951,0.062593,0.272012,0.372556
15,4,5000,100,4000,0.039879,0.063886,0.272933,0.376698
15,5,5000,100,4000,0.039177,0.062545,0.272295,0.374017
15,6,5000,100,4000,0.040531,0.063994,0.272775,0.377300
15,7,5000,100,4000,0.038562,0.064029,0.272400,0.374991
15,8,5000,100,4000,0.042405,0.065925,0.272409,0.380739
15,9,5000,100,4000,0.041574,0.061615,0.273729,0.376918
15,10,5000,100,4000,0.039051,0.062736,0.272405,0.374192
15,11,5000,100,4000,0.039189,0.063710,0.272116,0.375014
15,12,5000,100,4000,0.038665,0.064481,0.272333,0.375479
15,13,5000,100,4000,0.039790,0.069218,0.272544,0.381553
15,14,5000,100,4000,0.039125,0.067350,0.272481,0.378956
15,0,500,100,40000,0.018211,0.041872,0.026761,0.086844
15,1,500,100,40000,0.018485,0.043139,0.027333,0.088957
15,2,500,100,40000,0.019526,0.040652,0.027278,0.087456
15,3,500,100,40000,0.019663,0.040830,0.027280,0.087773
15,4,500,100,40000,0.019560,0.039700,0.027455,0.086715
15,5,500,100,40000,0.019091,0.040365,0.027200,0.086656
15,6,500,100,40000,0.020053,0.040379,0.027286,0.087719
15,7,500,100,40000,0.019598,0.039851,0.027299,0.086748
15,8,500,100,40000,0.019783,0.041008,0.027303,0.088095
15,9,500,100,40000,0.019484,0.040757,0.027297,0.087537
15,10,500,100,40000,0.019511,0.040728,0.027360,0.087599
15,11,500,100,40000,0.019350,0.040569,0.027376,0.087296
15,12,500,100,40000,0.023011,0.040975,0.027369,0.091356
15,13,500,100,40000,0.022179,0.040840,0.027276,0.090295
15,14,500,100,40000,0.023013,0.040443,0.027364,0.090821
15,0,500,100,400000,0.006770,0.529325,0.027179,0.563274
15,1,500,100,400000,0.006765,0.555899,0.027274,0.589938
15,2,500,100,400000,0.006953,0.543179,0.027186,0.577317
15,3,500,100,400000,0.006574,0.519675,0.027190,0.553440
15,4,500,100,400000,0.007635,0.575900,0.027278,0.610813
15,5,500,100,400000,0.007541,0.581310,0.027199,0.616050
15,6,500,100,400000,0.007620,0.613512,0.027305,0.648438
15,7,500,100,400000,0.007487,0.567288,0.027182,0.601957
15,8,500,100,400000,0.007034,0.577812,0.027311,0.612156
15,9,500,100,400000,0.007014,0.576603,0.027215,0.610832
15,10,500,100,400000,0.007255,0.556884,0.027333,0.591472
15,11,500,100,400000,0.007013,0.546709,0.027226,0.580948
15,12,500,100,400000,0.006263,0.553761,0.027152,0.587176
15,13,500,100,400000,0.006104,0.554112,0.027150,0.587366
15,14,500,100,400000,0.006179,0.541396,0.027265,0.574840
15,0,500,100,4000000,0.009776,6.033410,0.064255,6.107440
15,1,500,100,4000000,0.005386,6.365966,0.035806,6.407158
15,2,500,100,4000000,0.006346,6.231466,0.040286,6.278098
15,3,500,100,4000000,0.005005,5.932083,0.044285,5.981374
15,4,500,100,4000000,0.008328,6.256372,0.038324,6.303024
15,5,500,100,4000000,0.008036,6.309383,0.039112,6.356530
15,6,500,100,4000000,0.008144,6.236552,0.041915,6.286611
15,7,500,100,4000000,0.007812,6.231269,0.036815,6.275896
15,8,500,100,4000000,0.009069,6.820797,0.031101,6.860966
15,9,500,100,4000000,0.009135,6.556789,0.038012,6.603935
15,10,500,100,4000000,0.008997,6.827453,0.032476,6.868926
15,11,500,100,4000000,0.009220,6.628820,0.036333,6.674373
15,12,500,100,4000000,0.011464,6.676145,0.035827,6.723435
15,13,500,100,4000000,0.011388,6.460052,0.037921,6.509361
15,14,500,100,4000000,0.011541,6.479530,0.043191,6.534263
15,0,100,100,40000000,0.005569,15.081218,0.010749,15.097536
15,1,100,100,40000000,0.006202,13.938412,0.010707,13.955322
15,2,100,100,40000000,0.005822,14.241630,0.011154,14.258606
15,3,100,100,40000000,0.010381,14.433299,0.010642,14.454322
15,4,100,100,40000000,0.003711,14.915197,0.010140,14.929049
15,5,100,100,40000000,0.003001,14.099781,0.011027,14.113809
15,6,100,100,40000000,0.002627,14.198746,0.010287,14.211660
15,7,100,100,40000000,0.003297,13.953882,0.010309,13.967488
15,8,100,100,40000000,0.004595,16.068468,0.010685,16.083747
15,9,100,100,40000000,0.004808,15.552334,0.010232,15.567374
15,10,100,100,40000000,0.005216,15.515144,0.010194,15.530554
15,11,100,100,40000000,0.004149,15.322117,0.010008,15.336274
15,12,100,100,40000000,0.002154,14.057460,0.011468,14.071082
15,13,100,100,40000000,0.001797,13.843939,0.011556,13.857293
15,14,100,100,40000000,0.001492,13.572263,0.011449,13.585204
15,0,20,100,400000000,0.014842,23.123978,0.004382,23.143203
15,1,20,100,400000000,0.015123,26.599866,0.004310,26.619299
15,2,20,100,400000000,0.014687,22.010041,0.004347,22.029076
15,3,20,100,400000000,0.015137,25.789958,0.004315,25.809409
15,4,20,100,400000000,0.008882,26.519269,0.003583,26.531735
15,5,20,100,400000000,0.011203,24.184129,0.003606,24.198938
15,6,20,100,400000000,0.014706,25.454893,0.004346,25.473945
15,7,20,100,400000000,0.013775,26.056737,0.004316,26.074828
15,8,20,100,400000000,0.014863,24.786811,0.004353,24.806026
15,9,20,100,400000000,0.014779,23.827880,0.004353,23.847012
15,10,20,100,400000000,0.014978,27.875782,0.004358,27.895117
15,11,20,100,400000000,0.014883,26.840635,0.004414,26.859932
15,12,20,100,400000000,0.014429,22.203805,0.004313,22.222547
15,13,20,100,400000000,0.014552,21.448632,0.004237,21.467420
15,14,20,100,400000000,0.014774,22.031394,0.004288,22.050456
15,0,5000,500,4,0.033118,0.016223,0.274138,0.323479
15,1,5000,500,4,0.033302,0.015811,0.274210,0.323323
15,2,5000,500,4,0.032814,0.016200,0.274182,0.323196
15,3,5000,500,4,0.032942,0.017325,0.274119,0.324385
15,4,5000,500,4,0.033427,0.014728,0.275220,0.323375
15,5,5000,500,4,0.031950,0.015789,0.274161,0.321900
15,6,5000,500,4,0.031775,0.016627,0.274125,0.322528
15,7,5000,500,4,0.031770,0.016102,0.274385,0.322257
15,8,5000,500,4,0.032759,0.016726,0.274218,0.323704
15,9,5000,500,4,0.032638,0.016762,0.273918,0.323318
15,10,5000,500,4,0.032302,0.016102,0.274523,0.322927
15,11,5000,500,4,0.032979,0.015526,0.275032,0.323536
15,12,5000,500,4,0.032523,0.015988,0.274526,0.323037
15,13,5000,500,4,0.032920,0.016167,0.274248,0.323336
15,14,5000,500,4,0.033371,0.016041,0.274795,0.324207
15,0,5000,500,400,0.035817,0.021540,0.274238,0.331594
15,1,5000,500,400,0.035333,0.022588,0.274112,0.332033
15,2,5000,500,400,0.036094,0.022762,0.274242,0.333097
15,3,5000,500,400,0.036145,0.021714,0.273960,0.331818
15,4,5000,500,400,0.036125,0.022463,0.273940,0.332528
15,5,5000,500,400,0.036878,0.020930,0.274424,0.332231
15,6,5000,500,400,0.035466,0.022133,0.274297,0.331896
15,7,5000,500,400,0.036356,0.021548,0.274475,0.332379
15,8,5000,500,400,0.037189,0.021598,0.274611,0.333397
15,9,5000,500,400,0.036434,0.022012,0.274294,0.332740
15,10,5000,500,400,0.037216,0.021114,0.274800,0.333130
15,11,5000,500,400,0.037480,0.020714,0.274550,0.332744
15,12,5000,500,400,0.037435,0.021545,0.274328,0.333307
15,13,5000,500,400,0.036523,0.022367,0.274260,0.333150
15,14,5000,500,400,0.037512,0.021522,0.275045,0.334079
15,0,5000,500,4000,0.037358,0.054934,0.274396,0.366689
15,1,5000,500,4000,0.038255,0.057870,0.274959,0.371084
15,2,5000,500,4000,0.038734,0.054897,0.275274,0.368905
15,3,5000,500,4000,0.037540,0.056486,0.274871,0.368897
15,4,5000,500,4000,0.036937,0.057152,0.274592,0.368682
15,5,5000,500,4000,0.037409,0.055303,0.274674,0.367386
15,6,5000,500,4000,0.039141,0.054473,0.275099,0.368713
15,7,5000,500,4000,0.036352,0.055897,0.274996,0.367244
15,8,5000,500,4000,0.040509,0.053644,0.275067,0.369220
15,9,5000,500,4000,0.038158,0.054155,0.274927,0.367240
15,10,5000,500,4000,0.037371,0.056183,0.274723,0.368277
15,11,5000,500,4000,0.039107,0.053804,0.275183,0.368093
15,12,5000,500,4000,0.039175,0.054836,0.275973,0.369984
15,13,5000,500,4000,0.038159,0.056374,0.275201,0.369734
15,14,5000,500,4000,0.039157,0.055764,0.275442,0.370364
15,0,500,500,40000,0.017756,0.036917,0.027054,0.081727
15,1,500,500,40000,0.018013,0.037323,0.027504,0.082840
15,2,500,500,40000,0.020076,0.037471,0.027558,0.085104
15,3,500,500,40000,0.019895,0.037487,0.027567,0.084949
15,4,500,500,40000,0.019585,0.037531,0.027461,0.084577
15,5,500,500,40000,0.019639,0.037740,0.027510,0.084890
15,6,500,500,40000,0.020654,0.036753,0.027517,0.084925
15,7,500,500,40000,0.019946,0.041394,0.027545,0.088886
15,8,500,500,40000,0.020368,0.036842,0.027398,0.084608
15,9,500,500,40000,0.019428,0.037961,0.027279,0.084668
15,10,500,500,40000,0.019652,0.037511,0.027474,0.084637
15,11,500,500,40000,0.020760,0.036991,0.027531,0.085282
15,12,500,500,40000,0.022769,0.037440,0.027524,0.087732
15,13,500,500,40000,0.022505,0.037209,0.027586,0.087301
15,14,500,500,40000,0.023230,0.037459,0.027558,0.088248
15,0,500,500,400000,0.005641,0.591659,0.027493,0.624793
15,1,500,500,400000,0.005583,0.551113,0.027406,0.584103
15,2,500,500,400000,0.007068,0.624278,0.027505,0.658851
15,3,500,500,400000,0.006757,0.580928,0.027490,0.615175
15,4,500,500,400000,0.006089,0.610169,0.027407,0.643665
15,5,500,500,400000,0.006349,0.623317,0.027491,0.657157
15,6,500,500,400000,0.006667,0.616864,0.027448,0.650979
15,7,500,500,400000,0.006174,0.591014,0.027413,0.624600
15,8,500,500,400000,0.006269,0.608119,0.027467,0.641855
15,9,500,500,400000,0.006766,0.612881,0.027399,0.647046
15,10,500,500,400000,0.006156,0.578495,0.027392,0.612043
15,11,500,500,400000,0.006485,0.618347,0.027448,0.652280
15,12,500,500,400000,0.006069,0.598675,0.027597,0.632341
15,13,500,500,400000,0.006420,0.585381,0.027502,0.619303
15,14,500,500,400000,0.006690,0.618904,0.027635,0.653229
15,0,500,500,4000000,0.008518,7.455334,0.030033,7.493885
15,1,500,500,4000000,0.007807,6.867380,0.038735,6.913922
15,2,500,500,4000000,0.008472,7.093460,0.031205,7.133137
15,3,500,500,4000000,0.007960,6.904478,0.033188,6.945626
15,4,500,500,4000000,0.005461,6.725740,0.043605,6.774805
15,5,500,500,4000000,0.006016,6.971020,0.038553,7.015589
15,6,500,500,4000000,0.005828,6.925758,0.040900,6.972486
15,7,500,500,4000000,0.005752,6.923888,0.040722,6.970362
15,8,500,500,4000000,0.006466,7.277434,0.032495,7.316395
15,9,500,500,4000000,0.006747,7.179952,0.029060,7.215758
15,10,500,500,4000000,0.005806,6.566415,0.034697,6.606918
15,11,500,500,4000000,0.006103,7.080528,0.032253,7.118884
15,12,500,500,4000000,0.005002,6.935242,0.034236,6.974481
15,13,500,500,4000000,0.004673,7.009332,0.032628,7.046633
15,14,500,500,4000000,0.005196,7.175944,0.033786,7.214926
15,0,100,500,40000000,0.003103,13.683287,0.010960,13.697351
15,1,100,500,40000000,0.002836,13.640176,0.011093,13.654106
15,2,100,500,40000000,0.002185,14.029765,0.010903,14.042853
15,3,100,500,40000000,0.002391,13.004561,0.009572,13.016524
15,4,100,500,40000000,0.012770,14.040634,0.009443,14.062847
15,5,100,500,40000000,0.002014,15.231966,0.010461,15.244441
15,6,100,500,40000000,0.013158,15.226925,0.009929,15.250012
15,7,100,500,40000000,0.001746,15.769501,0.010507,15.781753
15,8,100,500,40000000,0.007275,13.578094,0.010407,13.595776
15,9,100,500,40000000,0.008065,15.469712,0.008207,15.485984
15,10,100,500,40000000,0.012397,14.452899,0.009556,14.474852
15,11,100,500,40000000,0.007608,13.251706,0.010976,13.270290
15,12,100,500,40000000,0.013988,16.029479,0.009496,16.052963
15,13,100,500,40000000,0.014193,14.946766,0.008279,14.969238
15,14,100,500,40000000,0.013531,14.901045,0.010261,14.924837
15,0,20,500,400000000,0.016258,24.565522,0.002883,24.584663
15,1,20,500,400000000,0.017066,19.120700,0.002774,19.140540
15,2,20,500,400000000,0.016314,24.054584,0.002789,24.073687
15,3,20,500,400000000,0.019987,25.992230,0.002872,26.015089
15,4,20,500,400000000,0.019244,29.448672,0.002881,29.470796
15,5,20,500,400000000,0.017632,28.973263,0.002738,28.993632
15,6,20,500,400000000,0.020144,27.962725,0.002733,27.985601
15,7,20,500,400000000,0.016562,30.434189,0.002661,30.453411
15,8,20,500,400000000,0.020042,28.677488,0.002734,28.700264
15,9,20,500,400000000,0.020070,27.671758,0.002797,27.694625
15,10,20,500,400000000,0.013824,28.632566,0.002915,28.649305
15,11,20,500,400000000,0.020229,28.080994,0.002736,28.103959
15,12,20,500,400000000,0.017810,27.244970,0.002731,27.265511
15,13,20,500,400000000,0.016055,27.847301,0.002970,27.866327
15,14,20,500,400000000,0.015027,25.109167,0.002851,25.127046
15,0,5000,1000,4,0.028686,0.022861,0.277551,0.329098
15,1,5000,1000,4,0.027636,0.024149,0.276758,0.328543
15,2,5000,1000,4,0.028290,0.023595,0.277708,0.329593
15,3,5000,1000,4,0.027814,0.023889,0.276748,0.328451
15,4,5000,1000,4,0.028041,0.024183,0.276451,0.328675
15,5,5000,1000,4,0.028523,0.023340,0.276865,0.328728
15,6,5000,1000,4,0.028542,0.022861,0.277117,0.328520
15,7,5000,1000,4,0.028219,0.023720,0.276953,0.328892
15,8,5000,1000,4,0.027532,0.024641,0.276594,0.328767
15,9,5000,1000,4,0.028107,0.023960,0.276344,0.328411
15,10,5000,1000,4,0.027375,0.023719,0.277092,0.328186
15,11,5000,1000,4,0.028398,0.024503,0.277116,0.330018
15,12,5000,1000,4,0.028410,0.022902,0.276987,0.328299
15,13,5000,1000,4,0.029041,0.022597,0.277044,0.328682
15,14,5000,1000,4,0.029241,0.023289,0.277190,0.329720
15,0,5000,1000,400,0.042318,0.010570,0.276633,0.329521
15,1,5000,1000,400,0.042700,0.010064,0.276621,0.329384
15,2,5000,1000,400,0.042109,0.011197,0.276929,0.330234
15,3,5000,1000,400,0.041477,0.010683,0.276840,0.329000
15,4,5000,1000,400,0.041883,0.010618,0.276532,0.329033
15,5,5000,1000,400,0.042505,0.009853,0.276414,0.328771
15,6,5000,1000,400,0.043155,0.010226,0.277297,0.330678
15,7,5000,1000,400,0.041838,0.011275,0.276614,0.329727
15,8,5000,1000,400,0.043191,0.010445,0.276624,0.330260
15,9,5000,1000,400,0.042922,0.010586,0.276489,0.329997
15,10,5000,1000,400,0.042012,0.010729,0.276949,0.329691
15,11,5000,1000,400,0.043132,0.010967,0.277488,0.331587
15,12,5000,1000,400,0.043316,0.010456,0.277092,0.330865
15,13,5000,1000,400,0.042788,0.009816,0.276712,0.329316
15,14,5000,1000,400,0.042930,0.011227,0.277051,0.331208
15,0,5000,1000,4000,0.061405,0.010505,0.277376,0.349286
15,1,5000,1000,4000,0.058609,0.011466,0.277630,0.347706
15,2,5000,1000,4000,0.058484,0.012732,0.277966,0.349182
15,3,5000,1000,4000,0.057752,0.014026,0.277983,0.349761
15,4,5000,1000,4000,0.059778,0.011271,0.277336,0.348385
15,5,5000,1000,4000,0.058441,0.010510,0.277408,0.346359
15,6,5000,1000,4000,0.061399,0.013244,0.277814,0.352457
15,7,5000,1000,4000,0.059003,0.012187,0.277230,0.348420
15,8,5000,1000,4000,0.059504,0.010848,0.277577,0.347929
15,9,5000,1000,4000,0.058477,0.011160,0.277570,0.347207
15,10,5000,1000,4000,0.059127,0.013337,0.278044,0.350508
15,11,5000,1000,4000,0.060810,0.013940,0.277339,0.352088
15,12,5000,1000,4000,0.061302,0.011734,0.277550,0.350587
15,13,5000,1000,4000,0.060100,0.012218,0.277321,0.349638
15,14,5000,1000,4000,0.062107,0.016411,0.278298,0.356816
15,0,500,1000,40000,0.011915,0.038622,0.027650,0.078187
15,1,500,1000,40000,0.011808,0.040261,0.027819,0.079888
15,2,500,1000,40000,0.012056,0.040974,0.027747,0.080777
15,3,500,1000,40000,0.011974,0.044153,0.027748,0.083875
15,4,500,1000,40000,0.012086,0.035412,0.027713,0.075211
15,5,500,1000,40000,0.011812,0.038132,0.027660,0.077604
15,6,500,1000,40000,0.012457,0.035588,0.027795,0.075840
15,7,500,1000,40000,0.012147,0.037727,0.027758,0.077632
15,8,500,1000,40000,0.011821,0.041488,0.027848,0.081157
15,9,500,1000,40000,0.011896,0.039327,0.027586,0.078809
15,10,500,1000,40000,0.012105,0.041885,0.027745,0.081735
15,11,500,1000,40000,0.012305,0.046167,0.027843,0.086314
15,12,500,1000,40000,0.013504,0.040326,0.027823,0.081653
15,13,500,1000,40000,0.012959,0.043352,0.027654,0.083965
15,14,500,1000,40000,0.013139,0.042087,0.027887,0.083114
15,0,500,1000,400000,0.006322,0.568798,0.027595,0.602716
15,1,500,1000,400000,0.006181,0.559246,0.027639,0.593065
15,2,500,1000,400000,0.007335,0.552778,0.027617,0.587730
15,3,500,1000,400000,0.006043,0.530992,0.027695,0.564730
15,4,500,1000,400000,0.006739,0.547661,0.027730,0.582130
15,5,500,1000,400000,0.006408,0.501743,0.027675,0.535825
15,6,500,1000,400000,0.006411,0.545995,0.027715,0.580121
15,7,500,1000,400000,0.006293,0.527718,0.027708,0.561720
15,8,500,1000,400000,0.006824,0.575576,0.027643,0.610043
15,9,500,1000,400000,0.007042,0.607698,0.027560,0.642300
15,10,500,1000,400000,0.006634,0.555700,0.027788,0.590123
15,11,500,1000,400000,0.006793,0.586022,0.027728,0.620543
15,12,500,1000,400000,0.006500,0.563524,0.027753,0.597777
15,13,500,1000,400000,0.006654,0.572046,0.027711,0.606411
15,14,500,1000,400000,0.006620,0.569125,0.027812,0.603556
15,0,500,1000,4000000,0.006892,7.226507,0.032129,7.265528
15,1,500,1000,4000000,0.005928,7.390469,0.032975,7.429372
15,2,500,1000,4000000,0.007289,7.437215,0.033449,7.477952
15,3,500,1000,4000000,0.005646,7.253207,0.034896,7.293748
15,4,500,1000,4000000,0.007650,7.223650,0.034196,7.265497
15,5,500,1000,4000000,0.006579,7.306992,0.033525,7.347095
15,6,500,1000,4000000,0.008648,7.286440,0.036206,7.331293
15,7,500,1000,4000000,0.006566,7.095066,0.035333,7.136965
15,8,500,1000,4000000,0.005671,6.783085,0.051817,6.840573
15,9,500,1000,4000000,0.005670,6.538018,0.061749,6.605437
15,10,500,1000,4000000,0.005160,6.425115,0.058792,6.489066
15,11,500,1000,4000000,0.005500,6.847223,0.047994,6.900717
15,12,500,1000,4000000,0.007347,7.688679,0.028716,7.724742
15,13,500,1000,4000000,0.007287,7.330713,0.037088,7.375088
15,14,500,1000,4000000,0.006994,7.326128,0.036531,7.369653
15,0,100,1000,40000000,0.013955,14.486708,0.007831,14.508494
15,1,100,1000,40000000,0.008164,14.744852,0.007299,14.760316
15,2,100,1000,40000000,0.014284,14.866129,0.007297,14.887710
15,3,100,1000,40000000,0.008498,13.953531,0.007240,13.969270
15,4,100,1000,40000000,0.002433,13.785494,0.008065,13.795993
15,5,100,1000,40000000,0.001773,14.071670,0.008011,14.081455
15,6,100,1000,40000000,0.002132,14.862470,0.008039,14.872641
15,7,100,1000,40000000,0.001494,14.329702,0.007288,14.338484
15,8,100,1000,40000000,0.007795,15.218420,0.006803,15.233018
15,9,100,1000,40000000,0.007185,12.952069,0.007856,12.967109
15,10,100,1000,40000000,0.006635,14.790601,0.007332,14.804567
15,11,100,1000,40000000,0.006937,14.201839,0.008025,14.216801
15,12,100,1000,40000000,0.009012,15.284186,0.007194,15.300391
15,13,100,1000,40000000,0.009383,15.143537,0.007204,15.160124
15,14,100,1000,40000000,0.009758,15.032906,0.007191,15.049855
15,0,20,1000,400000000,0.037709,24.228943,0.003305,24.269957
15,1,20,1000,400000000,0.038835,25.076879,0.003289,25.119003
15,2,20,1000,400000000,0.034894,24.612570,0.003256,24.650720
15,3,20,1000,400000000,0.034684,23.592349,0.003319,23.630351
15,4,20,1000,400000000,0.028254,28.037345,0.002113,28.067711
15,5,20,1000,400000000,0.021602,25.533929,0.002030,25.557561
15,6,20,1000,400000000,0.033420,29.015399,0.002499,29.051318
15,7,20,1000,400000000,0.030426,22.372299,0.002070,22.404795
15,8,20,1000,400000000,0.039357,27.264504,0.003313,27.307173
15,9,20,1000,400000000,0.032832,29.428682,0.004012,29.465526
15,10,20,1000,400000000,0.033472,30.250229,0.002937,30.286637
15,11,20,1000,400000000,0.033384,26.715326,0.003742,26.752452
15,12,20,1000,400000000,0.027581,19.891782,0.002907,19.922270
15,13,20,1000,400000000,0.033549,20.641344,0.002919,20.677812
15,14,20,1000,400000000,0.030585,23.687543,0.002946,23.721074
15,0,5000,5000,4,0.033995,0.016008,0.296942,0.346945
15,1,5000,5000,4,0.033657,0.016078,0.296831,0.346566
15,2,5000,5000,4,0.033145,0.017151,0.297061,0.347356
15,3,5000,5000,4,0.033687,0.016093,0.297127,0.346907
15,4,5000,5000,4,0.033166,0.016103,0.297097,0.346366
15,5,5000,5000,4,0.033161,0.016588,0.296858,0.346607
15,6,5000,5000,4,0.033723,0.016200,0.297134,0.347057
15,7,5000,5000,4,0.033995,0.016631,0.297423,0.348049
15,8,5000,5000,4,0.034210,0.015744,0.297064,0.347018
15,9,5000,5000,4,0.034698,0.016033,0.296423,0.347155
15,10,5000,5000,4,0.034316,0.016328,0.297238,0.347881
15,11,5000,5000,4,0.034324,0.016959,0.297036,0.348319
15,12,5000,5000,4,0.033599,0.015521,0.297186,0.346305
15,13,5000,5000,4,0.034127,0.015560,0.297262,0.346949
15,14,5000,5000,4,0.034598,0.015441,0.297939,0.347978
15,0,5000,5000,400,0.032957,0.030080,0.296913,0.359950
15,1,5000,5000,400,0.031892,0.029759,0.297256,0.358907
15,2,5000,5000,400,0.031791,0.029264,0.297304,0.358359
15,3,5000,5000,400,0.032135,0.029499,0.297189,0.358823
15,4,5000,5000,400,0.031988,0.029461,0.297056,0.358505
15,5,5000,5000,400,0.031642,0.029840,0.297049,0.358530
15,6,5000,5000,400,0.031577,0.029830,0.297354,0.358761
15,7,5000,5000,400,0.033066,0.029298,0.297455,0.359819
15,8,5000,5000,400,0.032597,0.029031,0.297587,0.359215
15,9,5000,5000,400,0.032484,0.029893,0.296968,0.359345
15,10,5000,5000,400,0.032660,0.029996,0.297270,0.359926
15,11,5000,5000,400,0.032035,0.030881,0.297195,0.360112
15,12,5000,5000,400,0.031423,0.028898,0.297370,0.357691
15,13,5000,5000,400,0.032131,0.029537,0.297057,0.358725
15,14,5000,5000,400,0.032491,0.028766,0.297294,0.358551
15,0,5000,5000,4000,0.061611,0.012538,0.298300,0.372449
15,1,5000,5000,4000,0.057269,0.012513,0.298075,0.367857
15,2,5000,5000,4000,0.056596,0.013479,0.298036,0.368111
15,3,5000,5000,4000,0.057167,0.014936,0.298243,0.370346
15,4,5000,5000,4000,0.057108,0.012182,0.297941,0.367231
15,5,5000,5000,4000,0.057522,0.012983,0.297739,0.368243
15,6,5000,5000,4000,0.056216,0.013517,0.298078,0.367811
15,7,5000,5000,4000,0.060466,0.015930,0.298107,0.374502
15,8,5000,5000,4000,0.058305,0.012736,0.298039,0.369079
15,9,5000,5000,4000,0.059858,0.011017,0.297650,0.368526
15,10,5000,5000,4000,0.058080,0.014569,0.297977,0.370626
15,11,5000,5000,4000,0.059103,0.015328,0.297670,0.372100
15,12,5000,5000,4000,0.058629,0.013005,0.298150,0.369784
15,13,5000,5000,4000,0.058808,0.012928,0.297936,0.369673
15,14,5000,5000,4000,0.060611,0.016045,0.298254,0.374910
15,0,500,5000,40000,0.019521,0.065385,0.029231,0.114137
15,1,500,5000,40000,0.020527,0.056603,0.029793,0.106923
15,2,500,5000,40000,0.020537,0.056391,0.029807,0.106735
15,3,500,5000,40000,0.021396,0.057944,0.029868,0.109207
15,4,500,5000,40000,0.019224,0.056891,0.029836,0.105951
15,5,500,5000,40000,0.019132,0.056655,0.029887,0.105675
15,6,500,5000,40000,0.018776,0.057834,0.029779,0.106389
15,7,500,5000,40000,0.020381,0.057999,0.029855,0.108235
15,8,500,5000,40000,0.021423,0.059741,0.029863,0.111027
15,9,500,5000,40000,0.021797,0.058765,0.029796,0.110358
15,10,500,5000,40000,0.023198,0.057724,0.029747,0.110669
15,11,500,5000,40000,0.023101,0.058459,0.029868,0.111429
15,12,500,5000,40000,0.025938,0.057986,0.029824,0.113747
15,13,500,5000,40000,0.025147,0.057604,0.029851,0.112602
15,14,500,5000,40000,0.026032,0.058560,0.029829,0.114421
15,0,500,5000,400000,0.006601,0.595755,0.029767,0.632123
15,1,500,5000,400000,0.010129,0.584620,0.029715,0.624464
15,2,500,5000,400000,0.006401,0.556255,0.029789,0.592445
15,3,500,5000,400000,0.007261,0.575163,0.029671,0.612095
15,4,500,5000,400000,0.006929,0.584600,0.029765,0.621294
15,5,500,5000,400000,0.007225,0.607365,0.029772,0.644363
15,6,500,5000,400000,0.007029,0.583469,0.029758,0.620256
15,7,500,5000,400000,0.007082,0.589397,0.029736,0.626214
15,8,500,5000,400000,0.007102,0.560379,0.029793,0.597274
15,9,500,5000,400000,0.006643,0.529955,0.029732,0.566330
15,10,500,5000,400000,0.006680,0.512653,0.029804,0.549137
15,11,500,5000,400000,0.006821,0.545791,0.029685,0.582297
15,12,500,5000,400000,0.006200,0.547316,0.029727,0.583243
15,13,500,5000,400000,0.006482,0.566802,0.029722,0.603006
15,14,500,5000,400000,0.006615,0.577585,0.029727,0.613927
15,0,500,5000,4000000,0.012424,6.602364,0.034624,6.649412
15,1,500,5000,4000000,0.006340,6.297876,0.035583,6.339800
15,2,500,5000,4000000,0.006738,6.797930,0.032181,6.836849
15,3,500,5000,4000000,0.006461,6.048864,0.037712,6.093037
15,4,500,5000,4000000,0.006288,6.798759,0.033542,6.838589
15,5,500,5000,4000000,0.006471,6.843833,0.032693,6.882997
15,6,500,5000,4000000,0.006545,6.803946,0.032913,6.843404
15,7,500,5000,4000000,0.005878,6.664529,0.033855,6.704263
15,8,500,5000,4000000,0.008398,6.352688,0.035342,6.396429
15,9,500,5000,4000000,0.008493,6.460186,0.035974,6.504653
15,10,500,5000,4000000,0.008569,6.455413,0.035352,6.499334
15,11,500,5000,4000000,0.009904,6.435255,0.035388,6.480546
15,12,500,5000,4000000,0.005564,6.757250,0.035046,6.797860
15,13,500,5000,4000000,0.005844,7.090325,0.030473,7.126642
15,14,500,5000,4000000,0.005890,6.720241,0.035683,6.761814
15,0,100,5000,40000000,0.007518,15.474493,0.008991,15.491003
15,1,100,5000,40000000,0.008258,14.635930,0.009582,14.653770
15,2,100,5000,40000000,0.008659,14.382056,0.009087,14.399802
15,3,100,5000,40000000,0.007887,14.637094,0.009496,14.654476
15,4,100,5000,40000000,0.013910,13.991362,0.008535,14.013807
15,5,100,5000,40000000,0.009058,13.919331,0.009428,13.937817
15,6,100,5000,40000000,0.009756,14.210508,0.009064,14.229328
15,7,100,5000,40000000,0.009417,14.424132,0.009032,14.442582
15,8,100,5000,40000000,0.005954,14.223532,0.009397,14.238883
15,9,100,5000,40000000,0.007073,14.879493,0.008890,14.895457
15,10,100,5000,40000000,0.006430,14.938374,0.008786,14.953589
15,11,100,5000,40000000,0.006808,15.052341,0.009311,15.068460
15,12,100,5000,40000000,0.018186,14.458382,0.009341,14.485909
15,13,100,5000,40000000,0.002014,14.932227,0.009380,14.943622
15,14,100,5000,40000000,0.001794,15.369945,0.008432,15.380171
15,0,20,5000,400000000,0.033673,25.227659,0.002131,25.263463
15,1,20,5000,400000000,0.022291,25.948023,0.002114,25.972428
15,2,20,5000,400000000,0.031194,26.041844,0.002113,26.075152
15,3,20,5000,400000000,0.030679,24.059240,0.002108,24.092027
15,4,20,5000,400000000,0.031399,28.283435,0.002052,28.316886
15,5,20,5000,400000000,0.023419,24.038420,0.001332,24.063171
15,6,20,5000,400000000,0.031443,27.377924,0.001328,27.410696
15,7,20,5000,400000000,0.026087,25.640029,0.001311,25.667426
15,8,20,5000,400000000,0.026160,22.796914,0.002112,22.825185
15,9,20,5000,400000000,0.033827,24.356478,0.002087,24.392392
15,10,20,5000,400000000,0.020667,26.665510,0.002093,26.688270
15,11,20,5000,400000000,0.028667,26.240736,0.002107,26.271510
15,12,20,5000,400000000,0.028032,22.058649,0.001280,22.087961
15,13,20,5000,400000000,0.033336,24.026389,0.002100,24.061825
15,14,20,5000,400000000,0.033444,25.640011,0.002160,25.675614
15,0,5000,10000,4,0.037204,0.010350,0.322557,0.370111
15,1,5000,10000,4,0.035904,0.011091,0.321931,0.368927
15,2,5000,10000,4,0.036039,0.010736,0.322941,0.369716
15,3,5000,10000,4,0.036298,0.011223,0.322067,0.369587
15,4,5000,10000,4,0.036992,0.010658,0.322350,0.370000
15,5,5000,10000,4,0.037018,0.011190,0.322816,0.371024
15,6,5000,10000,4,0.037021,0.011116,0.322836,0.370973
15,7,5000,10000,4,0.037048,0.010993,0.322809,0.370850
15,8,5000,10000,4,0.036606,0.010825,0.322205,0.369637
15,9,5000,10000,4,0.036640,0.010972,0.321828,0.369440
15,10,5000,10000,4,0.036730,0.011248,0.322960,0.370938
15,11,5000,10000,4,0.036505,0.011479,0.322767,0.370751
15,12,5000,10000,4,0.035625,0.011106,0.322842,0.369574
15,13,5000,10000,4,0.036027,0.011048,0.322851,0.369927
15,14,5000,10000,4,0.037077,0.010819,0.323251,0.371147
15,0,5000,10000,400,0.044520,0.009187,0.322267,0.375973
15,1,5000,10000,400,0.043379,0.008617,0.322379,0.374375
15,2,5000,10000,400,0.043624,0.009614,0.322670,0.375908
15,3,5000,10000,400,0.043868,0.009824,0.322393,0.376085
15,4,5000,10000,400,0.044983,0.009226,0.322350,0.376560
15,5,5000,10000,400,0.043813,0.009385,0.322301,0.375499
15,6,5000,10000,400,0.043286,0.009418,0.322594,0.375297
15,7,5000,10000,400,0.043749,0.009871,0.322523,0.376142
15,8,5000,10000,400,0.044385,0.008523,0.322347,0.375254
15,9,5000,10000,400,0.044486,0.009182,0.322059,0.375726
15,10,5000,10000,400,0.043970,0.009595,0.322593,0.376159
15,11,5000,10000,400,0.043467,0.009693,0.322240,0.375401
15,12,5000,10000,400,0.045175,0.009053,0.322508,0.376736
15,13,5000,10000,400,0.044494,0.009459,0.322699,0.376653
15,14,5000,10000,400,0.044653,0.010745,0.322976,0.378374
15,0,5000,10000,4000,0.061444,0.010032,0.323003,0.394478
15,1,5000,10000,4000,0.060333,0.010855,0.323330,0.394518
15,2,5000,10000,4000,0.057684,0.012539,0.323418,0.393641
15,3,5000,10000,4000,0.059366,0.014151,0.323898,0.397415
15,4,5000,10000,4000,0.058750,0.011381,0.323211,0.393342
15,5,5000,10000,4000,0.060909,0.010376,0.323296,0.394580
15,6,5000,10000,4000,0.057888,0.012882,0.323467,0.394237
15,7,5000,10000,4000,0.059517,0.013455,0.323204,0.396176
15,8,5000,10000,4000,0.060847,0.010707,0.323137,0.394691
15,9,5000,10000,4000,0.061135,0.011709,0.322736,0.395580
15,10,5000,10000,4000,0.059414,0.013790,0.323221,0.396425
15,11,5000,10000,4000,0.060206,0.014014,0.323422,0.397643
15,12,5000,10000,4000,0.061208,0.011786,0.323160,0.396154
15,13,5000,10000,4000,0.060877,0.013025,0.323191,0.397093
15,14,5000,10000,4000,0.062172,0.015736,0.323839,0.401748
15,0,500,10000,40000,0.008576,0.060636,0.032295,0.101506
15,1,500,10000,40000,0.009099,0.060325,0.032361,0.101786
15,2,500,10000,40000,0.009202,0.054787,0.032381,0.096370
15,3,500,10000,40000,0.009201,0.060781,0.032376,0.102358
15,4,500,10000,40000,0.009391,0.063358,0.032445,0.105194
15,5,500,10000,40000,0.009672,0.062841,0.032422,0.104934
15,6,500,10000,40000,0.009176,0.060130,0.032490,0.101797
15,7,500,10000,40000,0.009354,0.062455,0.032353,0.104162
15,8,500,10000,40000,0.008985,0.067446,0.032361,0.108792
15,9,500,10000,40000,0.008688,0.064781,0.032184,0.105653
15,10,500,10000,40000,0.009119,0.058475,0.032442,0.100036
15,11,500,10000,40000,0.008832,0.070428,0.032362,0.111621
15,12,500,10000,40000,0.009915,0.063217,0.032378,0.105509
15,13,500,10000,40000,0.009053,0.068272,0.032353,0.109678
15,14,500,10000,40000,0.009799,0.069761,0.032425,0.111986
15,0,500,10000,400000,0.006922,0.605258,0.032312,0.644492
15,1,500,10000,400000,0.006532,0.557169,0.032272,0.595973
15,2,500,10000,400000,0.006694,0.569439,0.032301,0.608434
15,3,500,10000,400000,0.006558,0.567925,0.032278,0.606760
15,4,500,10000,400000,0.007425,0.620303,0.032262,0.659990
15,5,500,10000,400000,0.006964,0.610425,0.032266,0.649656
15,6,500,10000,400000,0.006915,0.609974,0.032300,0.649190
15,7,500,10000,400000,0.007234,0.598764,0.032266,0.638264
15,8,500,10000,400000,0.007638,0.597316,0.032261,0.637215
15,9,500,10000,400000,0.006521,0.576051,0.032254,0.614826
15,10,500,10000,400000,0.007297,0.570199,0.032334,0.609830
15,11,500,10000,400000,0.006520,0.585006,0.032250,0.623776
15,12,500,10000,400000,0.005733,0.551881,0.032310,0.589923
15,13,500,10000,400000,0.006446,0.601799,0.032206,0.640451
15,14,500,10000,400000,0.009621,0.585888,0.032309,0.627818
15,0,500,10000,4000000,0.006554,6.945508,0.037560,6.989622
15,1,500,10000,4000000,0.005425,6.968333,0.036138,7.009896
15,2,500,10000,4000000,0.005182,6.801623,0.037828,6.844632
15,3,500,10000,4000000,0.007548,6.676108,0.037415,6.721071
15,4,500,10000,4000000,0.012037,7.242814,0.036869,7.291720
15,5,500,10000,4000000,0.012731,7.422917,0.035032,7.470681
15,6,500,10000,4000000,0.012294,7.202788,0.034161,7.249243
15,7,500,10000,4000000,0.012199,7.286651,0.036319,7.335169
15,8,500,10000,4000000,0.009649,7.127441,0.043155,7.180245
15,9,500,10000,4000000,0.009533,7.098472,0.041638,7.149643
15,10,500,10000,4000000,0.009248,7.269417,0.035719,7.314384
15,11,500,10000,4000000,0.009254,6.997373,0.041728,7.048355
15,12,500,10000,4000000,0.010364,7.059623,0.034790,7.104777
15,13,500,10000,4000000,0.013135,7.274963,0.033672,7.321770
15,14,500,10000,4000000,0.013496,7.491951,0.035391,7.540839
15,0,100,10000,40000000,0.002251,14.262683,0.011601,14.276535
15,1,100,10000,40000000,0.002833,14.756254,0.010981,14.770069
15,2,100,10000,40000000,0.003229,14.672551,0.011546,14.687326
15,3,100,10000,40000000,0.002528,14.096103,0.011542,14.110173
15,4,100,10000,40000000,0.018697,14.415494,0.010823,14.445014
15,5,100,10000,40000000,0.009379,15.232968,0.010737,15.253084
15,6,100,10000,40000000,0.014405,14.982949,0.011230,15.008585
15,7,100,10000,40000000,0.009714,14.720026,0.010830,14.740571
15,8,100,10000,40000000,0.008948,14.755592,0.010659,14.775200
15,9,100,10000,40000000,0.008270,14.133067,0.011451,14.152788
15,10,100,10000,40000000,0.008455,13.526247,0.010589,13.545291
15,11,100,10000,40000000,0.007969,14.428049,0.011290,14.447308
15,12,100,10000,40000000,0.001807,14.721291,0.011173,14.734271
15,13,100,10000,40000000,0.007373,14.393964,0.011194,14.412531
15,14,100,10000,40000000,0.010091,15.842375,0.010787,15.863253
15,0,20,10000,400000000,0.026724,22.459823,0.003346,22.489893
15,1,20,10000,400000000,0.030970,25.880973,0.003578,25.915522
15,2,20,10000,400000000,0.030095,25.506177,0.003642,25.539914
15,3,20,10000,400000000,0.025525,25.115217,0.002833,25.143575
15,4,20,10000,400000000,0.022236,22.644700,0.003560,22.670497
15,5,20,10000,400000000,0.030927,24.597082,0.004072,24.632080
15,6,20,10000,400000000,0.033305,23.984935,0.004053,24.022293
15,7,20,10000,400000000,0.028476,24.789899,0.004074,24.822450
15,8,20,10000,400000000,0.033762,26.460974,0.004044,26.498781
15,9,20,10000,400000000,0.020931,23.343325,0.002658,23.366914
15,10,20,10000,400000000,0.033600,24.987201,0.004159,25.024959
15,11,20,10000,400000000,0.035051,26.688986,0.004231,26.728268
15,12,20,10000,400000000,0.026835,18.965103,0.004057,18.995995
15,13,20,10000,400000000,0.024371,20.179749,0.003265,20.207385
15,14,20,10000,400000000,0.023212,18.249456,0.003317,18.275986
15,0,5000,50000,4,0.030066,0.022489,0.522592,0.575147
15,1,5000,50000,4,0.028908,0.023562,0.522302,0.574771
15,2,5000,50000,4,0.029148,0.024014,0.522573,0.575735
15,3,5000,50000,4,0.028788,0.024178,0.522404,0.575370
15,4,5000,50000,4,0.028655,0.024623,0.522238,0.575516
15,5,5000,50000,4,0.029265,0.023174,0.522662,0.575100
15,6,5000,50000,4,0.028783,0.023430,0.522729,0.574942
15,7,5000,50000,4,0.029197,0.023129,0.522622,0.574949
15,8,5000,50000,4,0.029398,0.023859,0.522258,0.575515
15,9,5000,50000,4,0.029880,0.022567,0.522169,0.574616
15,10,5000,50000,4,0.029560,0.023756,0.522640,0.575955
15,11,5000,50000,4,0.029543,0.023212,0.522494,0.575249
15,12,5000,50000,4,0.029724,0.021860,0.522576,0.574159
15,13,5000,50000,4,0.029460,0.023190,0.522508,0.575158
15,14,5000,50000,4,0.029330,0.022906,0.522645,0.574880
15,0,5000,50000,400,0.042785,0.008994,0.522770,0.574550
15,1,5000,50000,400,0.041243,0.009257,0.522867,0.573367
15,2,5000,50000,400,0.041617,0.010084,0.523081,0.574781
15,3,5000,50000,400,0.042128,0.009758,0.523388,0.575274
15,4,5000,50000,400,0.042318,0.008798,0.523124,0.574241
15,5,5000,50000,400,0.042445,0.008840,0.523206,0.574490
15,6,5000,50000,400,0.041952,0.009590,0.523482,0.575024
15,7,5000,50000,400,0.042096,0.009748,0.523476,0.575320
15,8,5000,50000,400,0.041496,0.009324,0.522921,0.573741
15,9,5000,50000,400,0.042740,0.009589,0.522880,0.575208
15,10,5000,50000,400,0.042209,0.010121,0.523462,0.575793
15,11,5000,50000,400,0.042512,0.009846,0.523131,0.575489
15,12,5000,50000,400,0.043020,0.009303,0.523160,0.575483
15,13,5000,50000,400,0.042663,0.009316,0.523024,0.575003
15,14,5000,50000,400,0.041365,0.010948,0.523360,0.575672
15,0,5000,50000,4000,0.062744,0.010537,0.523273,0.596554
15,1,5000,50000,4000,0.058965,0.010406,0.523298,0.592670
15,2,5000,50000,4000,0.057487,0.012693,0.523580,0.593759
15,3,5000,50000,4000,0.058564,0.012939,0.523549,0.595053
15,4,5000,50000,4000,0.059545,0.011708,0.523303,0.594556
15,5,5000,50000,4000,0.062314,0.011075,0.524005,0.597394
15,6,5000,50000,4000,0.062147,0.013385,0.523943,0.599476
15,7,5000,50000,4000,0.062430,0.013224,0.524029,0.599682
15,8,5000,50000,4000,0.057737,0.010638,0.523407,0.591782
15,9,5000,50000,4000,0.062662,0.011053,0.523520,0.597235
15,10,5000,50000,4000,0.057513,0.013301,0.523639,0.594452
15,11,5000,50000,4000,0.060547,0.014382,0.523752,0.598682
15,12,5000,50000,4000,0.061762,0.011433,0.523536,0.596731
15,13,5000,50000,4000,0.059810,0.011855,0.523461,0.595126
15,14,5000,50000,4000,0.059318,0.016240,0.523744,0.599302
15,0,500,50000,40000,0.012421,0.036503,0.052246,0.101169
15,1,500,50000,40000,0.012108,0.039235,0.052469,0.103812
15,2,500,50000,40000,0.012093,0.043086,0.052350,0.107530
15,3,500,50000,40000,0.012167,0.041530,0.052387,0.106085
15,4,500,50000,40000,0.013105,0.055627,0.052404,0.121136
15,5,500,50000,40000,0.012988,0.054661,0.052410,0.120060
15,6,500,50000,40000,0.013835,0.054790,0.052400,0.121025
15,7,500,50000,40000,0.013483,0.052960,0.052495,0.118938
15,8,500,50000,40000,0.013127,0.058348,0.052437,0.123911
15,9,500,50000,40000,0.012973,0.053601,0.052329,0.118904
15,10,500,50000,40000,0.013081,0.054032,0.052433,0.119546
15,11,500,50000,40000,0.013706,0.053222,0.052430,0.119358
15,12,500,50000,40000,0.014698,0.061270,0.052428,0.128396
15,13,500,50000,40000,0.014114,0.060843,0.052466,0.127423
15,14,500,50000,40000,0.014124,0.060422,0.052451,0.126997
15,0,500,50000,400000,0.006430,0.562364,0.052273,0.621066
15,1,500,50000,400000,0.005907,0.516388,0.052319,0.574614
15,2,500,50000,400000,0.006238,0.540162,0.052321,0.598721
15,3,500,50000,400000,0.006039,0.530264,0.052303,0.588607
15,4,500,50000,400000,0.006675,0.542622,0.052297,0.601594
15,5,500,50000,400000,0.006769,0.560565,0.052318,0.619652
15,6,500,50000,400000,0.006822,0.562449,0.052359,0.621630
15,7,500,50000,400000,0.006843,0.564306,0.052309,0.623458
15,8,500,50000,400000,0.007310,0.556295,0.052285,0.615890
15,9,500,50000,400000,0.007468,0.591190,0.052302,0.650960
15,10,500,50000,400000,0.006825,0.533867,0.052380,0.593071
15,11,500,50000,400000,0.007239,0.568223,0.052329,0.627791
15,12,500,50000,400000,0.007331,0.554825,0.052316,0.614472
15,13,500,50000,400000,0.006944,0.532697,0.052332,0.591972
15,14,500,50000,400000,0.006879,0.536856,0.052362,0.596098
15,0,500,50000,4000000,0.005749,7.443247,0.054910,7.503906
15,1,500,50000,4000000,0.005795,7.208123,0.057759,7.271677
15,2,500,50000,4000000,0.007359,7.046888,0.057070,7.111317
15,3,500,50000,4000000,0.007079,7.057464,0.056618,7.121161
15,4,500,50000,4000000,0.007437,6.725263,0.066081,6.798781
15,5,500,50000,4000000,0.008166,6.950826,0.060635,7.019627
15,6,500,50000,4000000,0.007894,7.205572,0.057654,7.271119
15,7,500,50000,4000000,0.008003,7.145582,0.056893,7.210478
15,8,500,50000,4000000,0.008952,7.168680,0.062423,7.240055
15,9,500,50000,4000000,0.009268,7.356059,0.058018,7.423345
15,10,500,50000,4000000,0.008742,7.192217,0.059886,7.260844
15,11,500,50000,4000000,0.008487,6.955491,0.065649,7.029628
15,12,500,50000,4000000,0.007656,7.448102,0.056390,7.512148
15,13,500,50000,4000000,0.008832,7.084812,0.060093,7.153737
15,14,500,50000,4000000,0.009063,7.253595,0.077953,7.340610
15,0,100,50000,40000000,0.018206,15.266616,0.010568,15.295390
15,1,100,50000,40000000,0.013644,13.888084,0.010552,13.912280
15,2,100,50000,40000000,0.017842,14.558578,0.010600,14.587021
15,3,100,50000,40000000,0.018530,15.544271,0.010566,15.573367
15,4,100,50000,40000000,0.007569,14.006327,0.010591,14.024487
15,5,100,50000,40000000,0.002075,12.956805,0.010596,12.969476
15,6,100,50000,40000000,0.001414,13.594248,0.010586,13.606248
15,7,100,50000,40000000,0.001831,14.670793,0.010596,14.683220
15,8,100,50000,40000000,0.013112,14.491534,0.010557,14.515203
15,9,100,50000,40000000,0.012753,14.066017,0.010561,14.089331
15,10,100,50000,40000000,0.012203,15.485760,0.010571,15.508534
15,11,100,50000,40000000,0.012517,15.321304,0.010553,15.344373
15,12,100,50000,40000000,0.023352,14.098315,0.010563,14.132229
15,13,100,50000,40000000,0.022850,15.103242,0.010562,15.136654
15,14,100,50000,40000000,0.023189,15.463679,0.010577,15.497445
15,0,20,50000,400000000,0.010144,27.246787,0.004034,27.260966
15,1,20,50000,400000000,0.010227,24.972633,0.004128,24.986988
15,2,20,50000,400000000,0.010154,25.745293,0.004027,25.759474
15,3,20,50000,400000000,0.010312,27.045510,0.004114,27.059936
15,4,20,50000,400000000,0.009811,22.149269,0.004165,22.163245
15,5,20,50000,400000000,0.009641,21.605732,0.004156,21.619529
15,6,20,50000,400000000,0.009572,20.436124,0.004092,20.449788
15,7,20,50000,400000000,0.009514,17.813215,0.004101,17.826830
15,8,20,50000,400000000,0.010150,26.056109,0.004056,26.070314
15,9,20,50000,400000000,0.009921,24.692178,0.004119,24.706218
15,10,20,50000,400000000,0.009925,25.088033,0.004148,25.102106
15,11,20,50000,400000000,0.010167,26.309389,0.004068,26.323624
15,12,20,50000,400000000,0.005601,23.245548,0.003887,23.255036
15,13,20,50000,400000000,0.009658,19.999635,0.004169,20.013462
15,14,20,50000,400000000,0.008773,23.516900,0.004167,23.529841
15,0,5000,100000,4,0.029652,0.024091,0.772706,0.826449
15,1,5000,100000,4,0.029161,0.024920,0.772452,0.826534
15,2,5000,100000,4,0.029154,0.024612,0.772748,0.826514
15,3,5000,100000,4,0.029260,0.024852,0.772699,0.826811
15,4,5000,100000,4,0.029930,0.024210,0.772466,0.826607
15,5,5000,100000,4,0.030228,0.024179,0.772587,0.826994
15,6,5000,100000,4,0.030136,0.024947,0.772707,0.827790
15,7,5000,100000,4,0.030384,0.024625,0.772644,0.827652
15,8,5000,100000,4,0.029999,0.024404,0.772541,0.826943
15,9,5000,100000,4,0.029701,0.026050,0.772672,0.828423
15,10,5000,100000,4,0.030048,0.024374,0.772634,0.827056
15,11,5000,100000,4,0.029813,0.024575,0.772717,0.827105
15,12,5000,100000,4,0.029969,0.022059,0.772881,0.824909
15,13,5000,100000,4,0.030019,0.023515,0.772643,0.826177
15,14,5000,100000,4,0.029739,0.024783,0.772910,0.827432
15,0,5000,100000,400,0.033099,0.028960,0.772572,0.834631
15,1,5000,100000,400,0.032455,0.029217,0.773047,0.834719
15,2,5000,100000,400,0.031996,0.029730,0.773083,0.834809
15,3,5000,100000,400,0.032186,0.029860,0.773287,0.835333
15,4,5000,100000,400,0.033157,0.029342,0.772557,0.835056
15,5,5000,100000,400,0.033874,0.028503,0.772845,0.835222
15,6,5000,100000,400,0.033323,0.028435,0.773083,0.834841
15,7,5000,100000,400,0.033311,0.028524,0.772933,0.834768
15,8,5000,100000,400,0.033174,0.029080,0.772720,0.834975
15,9,5000,100000,400,0.033406,0.029549,0.772694,0.835649
15,10,5000,100000,400,0.032968,0.029849,0.772928,0.835746
15,11,5000,100000,400,0.033721,0.029648,0.772930,0.836299
15,12,5000,100000,400,0.033997,0.027722,0.772942,0.834661
15,13,5000,100000,400,0.033904,0.029016,0.772990,0.835910
15,14,5000,100000,400,0.033560,0.029385,0.773183,0.836128
15,0,5000,100000,4000,0.061817,0.011205,0.773287,0.846309
15,1,5000,100000,4000,0.056710,0.011119,0.773423,0.841252
15,2,5000,100000,4000,0.056671,0.013309,0.773628,0.843608
15,3,5000,100000,4000,0.057002,0.013652,0.773772,0.844425
15,4,5000,100000,4000,0.057418,0.011524,0.773366,0.842308
15,5,5000,100000,4000,0.059069,0.010939,0.773390,0.843397
15,6,5000,100000,4000,0.057879,0.012980,0.773740,0.844599
15,7,5000,100000,4000,0.059323,0.015096,0.773809,0.848228
15,8,5000,100000,4000,0.059563,0.010978,0.773393,0.843934
15,9,5000,100000,4000,0.059758,0.011276,0.773247,0.844281
15,10,5000,100000,4000,0.058143,0.013216,0.773822,0.845182
15,11,5000,100000,4000,0.058903,0.014970,0.773434,0.847307
15,12,5000,100000,4000,0.062308,0.013357,0.773584,0.849249
15,13,5000,100000,4000,0.058694,0.012570,0.773607,0.844872
15,14,5000,100000,4000,0.058438,0.016987,0.773908,0.849334
15,0,500,100000,40000,0.018742,0.093519,0.076556,0.188817
15,1,500,100000,40000,0.018317,0.091123,0.077352,0.186792
15,2,500,100000,40000,0.018729,0.091906,0.077373,0.188009
15,3,500,100000,40000,0.019470,0.092883,0.077440,0.189792
15,4,500,100000,40000,0.018853,0.094367,0.077387,0.190607
15,5,500,100000,40000,0.019415,0.091919,0.077414,0.188748
15,6,500,100000,40000,0.019793,0.094729,0.077348,0.191870
15,7,500,100000,40000,0.019927,0.093425,0.077387,0.190739
15,8,500,100000,40000,0.017956,0.094302,0.077366,0.189624
15,9,500,100000,40000,0.018109,0.092979,0.077296,0.188384
15,10,500,100000,40000,0.018290,0.092370,0.077332,0.187991
15,11,500,100000,40000,0.018386,0.093071,0.077386,0.188842
15,12,500,100000,40000,0.021621,0.094780,0.077395,0.193796
15,13,500,100000,40000,0.021049,0.091878,0.077440,0.190368
15,14,500,100000,40000,0.021259,0.093225,0.077368,0.191852
15,0,500,100000,400000,0.010798,0.533797,0.077301,0.621896
15,1,500,100000,400000,0.006992,0.474397,0.077326,0.558715
15,2,500,100000,400000,0.006160,0.513954,0.077352,0.597466
15,3,500,100000,400000,0.005943,0.494708,0.077339,0.577991
15,4,500,100000,400000,0.006494,0.521009,0.077332,0.604835
15,5,500,100000,400000,0.006632,0.536444,0.077328,0.620404
15,6,500,100000,400000,0.006489,0.522998,0.077368,0.606855
15,7,500,100000,400000,0.006817,0.571900,0.077352,0.656069
15,8,500,100000,400000,0.007456,0.586627,0.077290,0.671372
15,9,500,100000,400000,0.007174,0.553059,0.077306,0.637539
15,10,500,100000,400000,0.007239,0.562966,0.077348,0.647553
15,11,500,100000,400000,0.007246,0.569567,0.077297,0.654110
15,12,500,100000,400000,0.006561,0.529065,0.077353,0.612978
15,13,500,100000,400000,0.006363,0.507754,0.077320,0.591437
15,14,500,100000,400000,0.006527,0.527846,0.077370,0.611743
15,0,500,100000,4000000,0.009812,7.111197,0.080317,7.201326
15,1,500,100000,4000000,0.009243,6.795576,0.081588,6.886406
15,2,500,100000,4000000,0.009873,6.754501,0.085127,6.849501
15,3,500,100000,4000000,0.009362,6.644650,0.084457,6.738468
15,4,500,100000,4000000,0.007926,6.892092,0.081332,6.981350
15,5,500,100000,4000000,0.009131,6.892529,0.083017,6.984677
15,6,500,100000,4000000,0.009332,6.855352,0.081777,6.946461
15,7,500,100000,4000000,0.008065,7.197094,0.079589,7.284748
15,8,500,100000,4000000,0.006102,6.493616,0.084453,6.584170
15,9,500,100000,4000000,0.006006,6.630080,0.081239,6.717325
15,10,500,100000,4000000,0.005911,6.501785,0.080572,6.588268
15,11,500,100000,4000000,0.006387,6.704456,0.081134,6.791977
15,12,500,100000,4000000,0.006045,7.189162,0.078747,7.273955
15,13,500,100000,4000000,0.005718,7.122367,0.079032,7.207116
15,14,500,100000,4000000,0.005802,7.200617,0.080033,7.286452
15,0,100,100000,40000000,0.013908,13.959203,0.019838,13.992949
15,1,100,100000,40000000,0.012904,13.486507,0.020156,13.519567
15,2,100,100000,40000000,0.013630,13.834832,0.019864,13.868327
15,3,100,100000,40000000,0.013345,14.392263,0.019848,14.425456
15,4,100,100000,40000000,0.006071,13.435413,0.018833,13.460317
15,5,100,100000,40000000,0.006474,14.150997,0.020071,14.177542
15,6,100,100000,40000000,0.006739,14.172099,0.018853,14.197691
15,7,100,100000,40000000,0.007027,13.609372,0.020054,13.636452
15,8,100,100000,40000000,0.014449,14.799512,0.019852,14.833813
15,9,100,100000,40000000,0.012359,14.990932,0.020142,15.023433
15,10,100,100000,40000000,0.012795,15.652488,0.020093,15.685377
15,11,100,100000,40000000,0.012091,15.462459,0.020132,15.494682
15,12,100,100000,40000000,0.001891,14.399655,0.020066,14.421612
15,13,100,100000,40000000,0.001527,14.151923,0.020055,14.173506
15,14,100,100000,40000000,0.007378,13.651705,0.019448,13.678530
15,0,20,100000,400000000,0.022344,27.897575,0.003712,27.923632
15,1,20,100000,400000000,0.017563,26.879255,0.003706,26.900524
15,2,20,100000,400000000,0.019861,27.051357,0.003711,27.074929
15,3,20,100000,400000000,0.020395,27.103468,0.003134,27.126997
15,4,20,100000,400000000,0.027976,25.823731,0.003147,25.854854
15,5,20,100000,400000000,0.028691,24.529695,0.003132,24.561518
15,6,20,100000,400000000,0.030773,25.625534,0.003153,25.659461
15,7,20,100000,400000000,0.031116,25.866530,0.003144,25.900790
15,8,20,100000,400000000,0.035816,26.308382,0.003136,26.347333
15,9,20,100000,400000000,0.019692,23.912401,0.003149,23.935241
15,10,20,100000,400000000,0.022951,22.259383,0.003151,22.285485
15,11,20,100000,400000000,0.030953,27.157336,0.003145,27.191434
15,12,20,100000,400000000,0.038924,26.083416,0.003143,26.125483
15,13,20,100000,400000000,0.035906,23.120442,0.003152,23.159500
15,14,20,100000,400000000,0.033477,25.300231,0.003138,25.336846
15,0,5000,500000,4,0.036721,0.007383,2.773164,2.817268
15,1,5000,500000,4,0.036710,0.007648,2.773195,2.817553
15,2,5000,500000,4,0.036448,0.008298,2.773214,2.817960
15,3,5000,500000,4,0.036414,0.008177,2.773106,2.817697
15,4,5000,500000,4,0.037042,0.007667,2.773176,2.817885
15,5,5000,500000,4,0.036725,0.007950,2.773052,2.817727
15,6,5000,500000,4,0.037012,0.007822,2.773178,2.818012
15,7,5000,500000,4,0.036847,0.007984,2.773386,2.818217
15,8,5000,500000,4,0.037199,0.007910,2.773080,2.818189
15,9,5000,500000,4,0.037379,0.007489,2.773043,2.817911
15,10,5000,500000,4,0.036759,0.008097,2.773319,2.818175
15,11,5000,500000,4,0.037262,0.008154,2.773391,2.818808
15,12,5000,500000,4,0.036586,0.008198,2.773616,2.818400
15,13,5000,500000,4,0.035618,0.008783,2.773507,2.817908
15,14,5000,500000,4,0.036820,0.008987,2.773611,2.819418
15,0,5000,500000,400,0.043800,0.009099,2.773040,2.825938
15,1,5000,500000,400,0.041651,0.009136,2.773490,2.824277
15,2,5000,500000,400,0.041722,0.010443,2.773774,2.825940
15,3,5000,500000,400,0.042246,0.009891,2.773595,2.825732
15,4,5000,500000,400,0.043093,0.009395,2.773574,2.826062
15,5,5000,500000,400,0.043246,0.009194,2.773416,2.825856
15,6,5000,500000,400,0.042445,0.009990,2.773692,2.826127
15,7,5000,500000,400,0.042670,0.010118,2.773715,2.826503
15,8,5000,500000,400,0.042209,0.009495,2.773614,2.825318
15,9,5000,500000,400,0.043078,0.009100,2.773529,2.825707
15,10,5000,500000,400,0.043272,0.010139,2.773896,2.827306
15,11,5000,500000,400,0.042492,0.010278,2.773835,2.826605
15,12,5000,500000,400,0.042752,0.009797,2.773856,2.826405
15,13,5000,500000,400,0.042978,0.010196,2.773770,2.826943
15,14,5000,500000,400,0.042873,0.010928,2.774080,2.827880
15,0,5000,500000,4000,0.041048,0.055400,2.773838,2.870286
15,1,5000,500000,4000,0.038125,0.055538,2.773812,2.867475
15,2,5000,500000,4000,0.038580,0.055932,2.773739,2.868251
15,3,5000,500000,4000,0.039189,0.056533,2.773865,2.869587
15,4,5000,500000,4000,0.040073,0.055766,2.773674,2.869514
15,5,5000,500000,4000,0.039740,0.054802,2.773896,2.868439
15,6,5000,500000,4000,0.040028,0.058347,2.773738,2.872112
15,7,5000,500000,4000,0.039027,0.056026,2.773718,2.868772
15,8,5000,500000,4000,0.040084,0.057562,2.773841,2.871487
15,9,5000,500000,4000,0.040263,0.057531,2.774126,2.871920
15,10,5000,500000,4000,0.041903,0.053536,2.774249,2.869688
15,11,5000,500000,4000,0.039694,0.054597,2.774064,2.868355
15,12,5000,500000,4000,0.041573,0.057342,2.773947,2.872862
15,13,5000,500000,4000,0.039873,0.055824,2.774082,2.869779
15,14,5000,500000,4000,0.039606,0.055553,2.774231,2.869390
15,0,500,500000,40000,0.009247,0.073540,0.277491,0.360278
15,1,500,500000,40000,0.008758,0.076207,0.277437,0.362402
15,2,500,500000,40000,0.008659,0.073814,0.277482,0.359955
15,3,500,500000,40000,0.009060,0.076933,0.277470,0.363463
15,4,500,500000,40000,0.008617,0.078359,0.277489,0.364464
15,5,500,500000,40000,0.008504,0.067611,0.277481,0.353595
15,6,500,500000,40000,0.008756,0.078814,0.277495,0.365064
15,7,500,500000,40000,0.008380,0.081632,0.277500,0.367511
15,8,500,500000,40000,0.008938,0.074515,0.277500,0.360953
15,9,500,500000,40000,0.008958,0.075552,0.277477,0.361987
15,10,500,500000,40000,0.009377,0.082724,0.277485,0.369587
15,11,500,500000,40000,0.009109,0.082208,0.277509,0.368826
15,12,500,500000,40000,0.008826,0.092838,0.277525,0.379189
15,13,500,500000,40000,0.008719,0.082938,0.277527,0.369184
15,14,500,500000,40000,0.008617,0.082530,0.277547,0.368694
15,0,500,500000,400000,0.006288,0.413422,0.277400,0.697110
15,1,500,500000,400000,0.005778,0.368506,0.277436,0.651720
15,2,500,500000,400000,0.005901,0.392804,0.277456,0.676160
15,3,500,500000,400000,0.005866,0.378690,0.277443,0.661998
15,4,500,500000,400000,0.006846,0.418646,0.277422,0.702913
15,5,500,500000,400000,0.006702,0.416577,0.277425,0.700705
15,6,500,500000,400000,0.006518,0.406362,0.277444,0.690324
15,7,500,500000,400000,0.006750,0.412873,0.277419,0.697042
15,8,500,500000,400000,0.007034,0.409312,0.277467,0.693814
15,9,500,500000,400000,0.007211,0.421843,0.277458,0.706511
15,10,500,500000,400000,0.007205,0.426506,0.277467,0.711177
15,11,500,500000,400000,0.006865,0.405101,0.277480,0.689446
15,12,500,500000,400000,0.006625,0.434831,0.277457,0.718914
15,13,500,500000,400000,0.006621,0.414820,0.277439,0.698880
15,14,500,500000,400000,0.006643,0.426865,0.277473,0.710980
15,0,500,500000,4000000,0.016318,6.799743,0.279823,7.095884
15,1,500,500000,4000000,0.007117,6.913873,0.277585,7.198576
15,2,500,500000,4000000,0.008310,6.430899,0.279766,6.718975
15,3,500,500000,4000000,0.006969,6.627075,0.278352,6.912396
15,4,500,500000,4000000,0.009482,6.171297,0.279156,6.459935
15,5,500,500000,4000000,0.010076,6.335687,0.278455,6.624218
15,6,500,500000,4000000,0.010222,6.647915,0.277672,6.935809
15,7,500,500000,4000000,0.009702,6.404310,0.278438,6.692451
15,8,500,500000,4000000,0.006776,7.121632,0.277869,7.406277
15,9,500,500000,4000000,0.006072,6.845013,0.279434,7.130519
15,10,500,500000,4000000,0.006417,7.045407,0.277774,7.329598
15,11,500,500000,4000000,0.006338,6.729050,0.278531,7.013918
15,12,500,500000,4000000,0.005979,7.259279,0.277718,7.542976
15,13,500,500000,4000000,0.006605,6.888149,0.279051,7.173805
15,14,500,500000,4000000,0.006817,7.035590,0.279158,7.321564
15,0,100,500000,40000000,0.006909,14.893752,0.057362,14.958023
15,1,100,500000,40000000,0.007234,14.446044,0.057340,14.510617
15,2,100,500000,40000000,0.006059,12.472865,0.057384,12.536307
15,3,100,500000,40000000,0.006576,14.442692,0.057079,14.506346
15,4,100,500000,40000000,0.007533,13.053031,0.056988,13.117552
15,5,100,500000,40000000,0.007969,14.143589,0.056849,14.208408
15,6,100,500000,40000000,0.008672,14.065700,0.057090,14.131462
15,7,100,500000,40000000,0.008397,14.734021,0.057198,14.799616
15,8,100,500000,40000000,0.009340,14.210256,0.057118,14.276714
15,9,100,500000,40000000,0.014984,14.794676,0.057087,14.866747
15,10,100,500000,40000000,0.009037,15.366255,0.057168,15.432460
15,11,100,500000,40000000,0.014583,14.617153,0.057147,14.688883
15,12,100,500000,40000000,0.001987,15.770902,0.056643,15.829532
15,13,100,500000,40000000,0.002309,15.655115,0.056809,15.714234
15,14,100,500000,40000000,0.001484,14.289242,0.057166,14.347892
15,0,20,500000,400000000,0.023104,24.992167,0.012322,25.027593
15,1,20,500000,400000000,0.020922,25.143382,0.012177,25.176481
15,2,20,500000,400000000,0.041464,29.842006,0.011722,29.895192
15,3,20,500000,400000000,0.039199,29.573929,0.011764,29.624893
15,4,20,500000,400000000,0.036371,22.405339,0.012447,22.454156
15,5,20,500000,400000000,0.034109,24.699702,0.012385,24.746196
15,6,20,500000,400000000,0.033508,22.248021,0.012295,22.293824
15,7,20,500000,400000000,0.041589,24.952845,0.012429,25.006862
15,8,20,500000,400000000,0.023080,26.415078,0.011720,26.449879
15,9,20,500000,400000000,0.028870,24.577424,0.012482,24.618776
15,10,20,500000,400000000,0.033619,26.733388,0.012543,26.779550
15,11,20,500000,400000000,0.033720,24.570405,0.011740,24.615864
15,12,20,500000,400000000,0.023372,27.154101,0.012188,27.189661
15,13,20,500000,400000000,0.031329,25.794059,0.012354,25.837742
15,14,20,500000,400000000,0.031069,28.382338,0.012430,28.425836
